MATRIX A1
  4  7  2
  9  5  3
  8  1  6
  0  4  7

MATRIX B1
  3  5  9  8  2  1
  0  4  2  7  9  5
  8  3  1  6  0  7

MATRIX A1 x B1
 28 54 52 93 71 53
 51 74 94125 63 55
 72 62 80107 25 55
 56 37 15 70 36 69

MATRIX A2
  5  6
  3  5
  5  3
  5  9
  2  4
  7  3
  0  8
  1  6
  7  2

MATRIX B2
  4  9  3  8  6  1  5  2
  5  7  3  2  8  9  4  1

MATRIX A2 x B2
 50 87 33 52 78 59 49 16
 37 62 24 34 58 48 35 11
 35 66 24 46 54 32 37 13
 65108 42 58102 86 61 19
 28 46 18 24 44 38 26  8
 43 84 30 62 66 34 47 17
 40 56 24 16 64 72 32  8
 34 51 21 20 54 55 29  8
 38 77 27 60 58 25 43 16